7 3 800
1 3 800
9 1 800
6 6 800
3 0 800
8 0 800
5 4 800
2 1 800
5 6 800
6 2 800
1 6 800
0 4 800
9 4 800
5 1 800
0 3 800
8 5 800
2 5 800
7 2 800
4 0 800
1 2 800
9 0 800
3 3 800
0 6 800
8 1 800
7 6 800
4 4 800
3 6 800
6 3 800
1 5 800
5 0 800
2 2 800
8 6 800
3 5 800
4 1 800
1 1 800
6 4 800
3 2 800
0 0 800
8 2 800
7 1 800
4 5 800
9 3 800
6 0 800
1 4 800
5 5 800
7 5 800
2 3 800
9 5 800
4 2 800
1 0 800
9 6 800
6 5 800
5 3 800
0 1 800
8 3 800
7 0 800
4 6 800
9 2 800
3 4 800
6 1 800
3 1 800
2 6 800
2 4 800
7 4 800
2 0 800
4 3 800
0 5 800
5 2 800
0 2 800
8 4 800
